00000000000000000001000000100000
00000000000000000010000001000000
00000000000000000011001001110000
00000000000000000100001100100000
00000000000000000101011110000000
00000000000000000110110100010000
00000000000000000111101011100000
00000000000000001000011101000000
00000000000000001000011111000000
00000000000000000111111001100000
00000000000000001000000001000000
00000000000000000111101001000000
00000000000000000111001110110000
00000000000000000110010110000000
00000000000000000110000011000000
00000000000000000101011000010000
00000000000000000100001011110000
00000000000000000011101100010000
00000000000000000010010100010000
00000000000000000001001100000000
00000000000000000000010001010000
11111111111111111111100110100000
11111111111111111111000110110000
11111111111111111110101101100000
11111111111111111110110101110000
11111111111111111110100011000000
11111111111111111110011100100000
11111111111111111110111100000000
11111111111111111111000001100000
11111111111111111110110100110000
11111111111111111110101101110000
11111111111111111111010010100000
11111111111111111111011011000000
00000000000000000000000001010000
00000000000000000000010101000000
00000000000000000000010111000000
00000000000000000000111101000000
00000000000000000001010001110000
00000000000000000000100000010000
00000000000000000000010101010000
11111111111111111111100111000000
11111111111111111110010001110000
11111111111111111101011111010000
11111111111111111100100000100000
11111111111111111010111111000000
11111111111111111001110101110000
11111111111111111001110001010000
11111111111111111000011101100000
11111111111111111000001110100000
11111111111111110111101011010000
11111111111111110111100100110000
11111111111111110111111011010000
11111111111111111000010010100000
11111111111111111000110111110000
11111111111111111001110101010000
11111111111111111010101000000000
11111111111111111011011011110000
11111111111111111101101111110000
11111111111111111110111110000000
00000000000000000000011101000000
00000000000000000010001101010000
00000000000000000100001101000000
00000000000000000101011001110000
00000000000000000111101001110000
00000000000000001001011001010000
00000000000000001010101100100000
00000000000000001011111110110000
00000000000000001101010011100000
00000000000000001101101010010000
00000000000000001110001001110000
00000000000000001110100111100000
00000000000000001101110000000000
00000000000000001101100011010000
00000000000000001100101101000000
00000000000000001011101101010000
00000000000000001001010101010000
00000000000000001000000000000000
00000000000000000101010111010000
00000000000000000010101011110000
00000000000000000000001110010000
11111111111111111101101110110000
11111111111111111011000011000000
11111111111111111000100010110000
11111111111111110110110101000000
11111111111111110100101111000000
11111111111111110011100111100000
11111111111111110010111101110000
11111111111111110010000110110000
11111111111111110001100001010000
11111111111111110001100100000000
11111111111111110010000000000000
11111111111111110010011110010000
11111111111111110011111110010000
11111111111111110101010011110000
11111111111111110110010011110000
11111111111111111000101000000000
11111111111111111010011101100000
11111111111111111011110100010000
11111111111111111110000100100000
00000000000000000000101001010000
